#/usr/local/lib/python3.11/dist-packages/colab_kernel_launcher.py -f /root/.local/share/jupyter/runtime/kernel-c985c930-42d1-4535-8cda-4169eb5c0b81.json
# GMT Thu Mar  6 23:18:38 2025
# 
0 1 999 2 3
1 3 999 998 475 487 682
2 4 5 999 103 385
3 4 5 6 79
4 5 7 594 530
5 6 8 625 464
6 8 55 670 404
7 8 9 10 805
8 9 10 11
9 461 108 422 120 965
10 11 13 489
11 12 13 14
12 15 806 64 61 532
13 15 309 847
14 15 16 17 559
15 17 18 372 718
16 17 18 19
17 18 19 20 457
18 19 20 921 765
19 20 21 331
20 21 22 249
21 22 98 266 759 277
22 23 24 25
23 24 25 26
24 25 26 27 333 175
25 26 27 28
26 27 28 943 579
27 28 29 30 427
28 29 31 391 792 671
29 30 31 158 136
30 33 153 198 544
31 32 33 943
32 33 34 35
33 34 35 959
34 36 37 117
35 37 171 843 901
36 37 38 39
37 38 40 933 760
38 39 40 41 160
39 42 96 998
40 41 42 737 63
41 44 159 723 935
42 43 45 622 386
43 45 46 86 87 652 736
44 45 47 211 713 423
45 46 48 243
46 47 48 49 348 708
47 48 49 50 637 580
48 49 50 51
49 50 51 568
50 51 52 679
51 52 53 54 103 279 600
52 53 54 55 224 866
53 54 55 56
54 55 56 57 145 931
55 57 58 875 480
56 57 59 523 618
57 59 60 697 592
58 60 61 979 660
59 61 62 768 920
60 61 62 63 522 811
61 62 63 386
62 63 64 65
63 65 748 966 700
64 66 181 200 285 791 864
65 66 67 68 316
66 67 68 69
67 68 70 338 876 678
68 69 70 692 439
69 70 71 429 324
70 71 72 73 248 301
71 72 73 74
72 227 373 699 187
73 74 75 76 234
74 75 97 995 472
75 76 77 962 492 839
76 77 78 79 957
77 79 80 613 559 898
78 79 703 331 154
79 81 82 121
80 81 82 83
81 82 84 882
82 83 84 85
83 84 85 86 617
84 85 86 87
85 165 838 507
86 87 89 502
87 90 937
88 90 91 469 443
89 90 91 92
90 92 394 710
91 92 94 392 839 798
92 93 294 435 825 834 922
93 94 95 96
94 95 96 97 178 427
95 96 97 731 375
96 97 98 99
97 805 539 618 455
98 99 101 994 631
99 100 151 467
100 101 102 103 193
101 102 161 392 977
102 104 234 537
103 104 106
104 105 106 107
105 106 108 863 621
106 107 108 109 311
107 108 109 110 474
108 110 111 289 926
109 110 111 112
110 111 112 113
111 112 113 114 724
112 113 115 258 176
113 114 115 116
114 116 744 502
115 116 118 288
116 117 118 329
117 118 120 314
118 119 120 121 960
119 120 121 314 643
120 121 122 123 843
121 123 360
122 124 125 610
123 125 126 684 605
124 126 127 612 456
125 126 127 128
126 127 128 129
127 130 772 768
128 129 130 131 560
129 132 603 256
130 131 132 133 955
131 132 134 711 891
132 133 134 710 792
133 134 470 575 718
134 135 137 510 369
135 136 919 963
136 137 138 895
137 138 139 271
138 139 140 141 827
139 140 141 142 931 467
140 141 143 274
141 142 143 784 795 368
142 143 144 145 867
143 416 487 814
144 145 146 147 613
145 148 916 536
146 147 148 149
147 148 149 150 871 670 974
148 149 150 151 405 576 425 692
149 150 151 152 821
150 152 153 520 466
151 152 153 154
152 153 154 155
153 154 156 487 562 160
154 155 156 157
155 156 158 358 461 585 166
156 157 158 159 195
157 158 159 542 296
158 160 161 282
159 160 161 162
160 162 163
161 162 163 164
162 164 165 200 432 654 823
163 164 165 435 554
164 165 167 292 281
165 166 167 168 706
166 167 822 730 733
167 168 170 969 926
168 169 170 171 186
169 170 172 710 734
170 172 173 362 628
171 172 173 174 477 273 691
172 173 175 863 769
173 175 176 643 882 516
174 175 177 520
175 176 177 746
176 177 178 179 419 217
177 178 179 180
178 180 181
179 180 181 517
180 181 182 183 272 548
181 184 193 278 312
182 183 184 185 316 383
183 185 186 678
184 186 435 436 835
185 187 806 663
186 187 188 407
187 188 897 337
188 190 932 616
189 190 191 692 253
190 191 192 513
191 192 193 194
192 193 194 195
193 194 195
194 195 196 197
195 198 646
196 197 198 199 546
197 198 199 200 996
198 200 201
199 200 201 202 519
200 201 203 774
201 202 203 569
202 204 205 791 710
203 204 206 742
204 205 206 207 725
205 206 208 215
206 207 209 478 302
207 209 210 400
208 211 370 376 912
209 210 211 212
210 213 903 942 813
211 308 506 589 887
212 213 214 313 220
213 214 215 216
214 215 216 217
215 216 218 269
216 217 218 219 826 937
217 218 219
218 219 221 722
219 220 222 874 326
220 221 894
221 222 223 224
222 223 224 225 932
223 224 226 762 686
224 227 858
225 226 227 228 362
226 227 228 598 855
227 229 230 552 235
228 229 231 275
229 230 231 232 820 626
230 231 232 233 675 855
231 233 234 333
232 233 234 235
233 234 235 236 452 300
234 235 237 620
235 236 238 403 989
236 237 238 239 721
237 240 410 288 768
238 240 241 833
239 240 241 242
240 242 243 737 803
241 242 243 263
242 243 244 245
243 244 246 292 425 570
244 245 246 247 861
245 246 247 953 357 905
246 247 248 249
247 248 249 250 679
248 250 251 863
249 251 252 449
250 251 252 253 717
251 252 254 560 618 548 982
252 253 254 682 503
253 254 255 256
254 255 256 407
255 256 257 258
256 257 258 259 507 728
257 258 260 570
258 261 360 478
259 260 261 262
260 261 262 263
261 263 264 884 900
262 263 990 509 504
263 265 266 531 325
264 265 266 267
265 266 267 268 310 463 693 956
266 267 269
267 268 269 270 932
268 270 271 435
269 270 272 391 389
270 272 273 972
271 272 273 680 930
272 274 275 754 766
273 274 276 278
274 275 904 693 844
275 276 277 278
276 278 279 892
277 278 279 444
278 281
279 280 281
280 281 282 283
281 283 624 503
282 283 284 285 588
283 285 633 632 947
284 285 286 287 402
285 288 612
286 288 289 395 843
287 288 289 290
288 291 590 326 973
289 291 292 749
290 291 292 293
291 292 293 471
292 294 295 979
293 294 296 395 546
294 296 297 399
295 296 298 976
296 297 298 892
297 298 299 300
298 300 301 685
299 300 301 374
300 301 302
301 302 304 695
302 303 305
303 306 521 661
304 305 306 307 510 708 337
305 306 307 308 870
306 309 499 863 750
307 308 309 310
308 311 414
309 310 311 312
310 312 313 975
311 312 571 634
312 313 315 333
313 314 418 567
314 316 317 500
315 316 317 318 839
316 317
317 318 319 432
318 319 321 880
319 321 322 346
320 321 322 323
321 322 323 843
322 323 324 733
323 324 325 326 726
324 325 326 327 587 635
325 944 799
326 327 328 432
327 328 329 330
328 329 330 331
329 330 331 332 908
330 331 333 753
331 333 334 759
332 333 334 335 551 674
333 334
334 335 336 337 706 970
335 336 338 403
336 338 366 658
337 471 887
338 340 341 856
339 340 342 435 863 737
340 341 574 342
341 342 343 344 439
342 343 344 345
343 344 345 346 559
344 345 346 347
345 346 723 724 887
346 347 348 349
347 349 378 975 380
348 349 351
349 350 351 352
350 351 352 353 836
351 352 787 622 802
352 353 354 355
353 354 356 663 998
354 355 357 528 877
355 356 357 358 881
356 358 359 690 429
357 358 359 853
358 360 361
359 360 361 366
360 362 363
361 362 363 364 725 976
362 364 365
363 364 365 366 673 585
364 365 366 619
365 366 368 727
366 367 368 369 484
367 368 369 370
368 369 371 390
369 525 701
370 371 372 373
371 373 374 607 624
372 373 374 375 515
373 374 375 376
374 375 376 377
375 376 377 378
376 378 379 385 864
377 378 379 380
378 380 381 619
379 380 381 382 680
380 381 899 746
381 382 383 384 818
382 385 765 473
383 384 385
384 385 386 387
385 387
386 387 388 389
387 388 389 390
388 389 390 391
389 390 392
390 391 392 393
391 392 393 969 451
392 395 985
393 395 396 665 929 944
394 395 406 422 627
395 397 398
396 397 398 399
397 398 399 400 682
398 399 400 401 565
399 400 922 424
400 401 402 403
401 402 403 982
402 405 833
403 404 406
404 405 407 476 575 791
405 407 408
406 408 620
407 408 409
408 409 410 411 977
409 410 411 412 919
410 411 412 649 848
411 413 934 425 555
412 413 415 613 499
413 414 415 416 420 972 423
414 415 416 417
415 416 417 418 454
416 417 418 419 977
417 419 420 637
418 419 420 421 892
419 420 893
420 423 478 739
421 422 423 424
422 423 424 816
423 424 425 537
424 425 426 427
425 546
426 428 429 945
427 666
428 430 431 596
429 432 722
430 431 433 916
431 432 433 434
432 565 534
433 434 435 436
434 435 436 454
435 436 438
436 438 439 787
437 438 439 957
438 439 441 944 879
439 440 441
440 441 442 849
441 442 443 482
442 444 445 721
443 444 687 724
444 445 446 447
445 446 447 448 851 492
446 447 448 449 726
447 448 450 691
448 449 450 451
449 450 451 452
450 451 452 686 897
451 452 453
452 454 455
453 454 456 768
454 455 457
455 456 457 458
456 457 459
457 458 460
458 459 460 461 953
459 460 461 462
460 461 462 463
461 462 463 464
462 464 465 832
463 464 466 609
464 465 466 691
465 466 467 566
466 468 665
467 468 874 665
468 469 470 471
469 470 471 623 589
470 471 472 473
471 472 474 876
472 473 474 901 993 671 916
473 474 475 476 494 550
474 475 476 588
475 476 477 478
476 478 479 830
477 479 480
478 479 481 767
479 480 481 482 985
480 482 483
481 482 483 484
482 483 484 485 545
483 485 868 734 604
484 485 891 741 818
485 486 487 488
486 487 488 489
487 489 490 857
488 489 490 491
489 491 492 660
490 492 493 673
491 492 493 494
492 493 494
493 494 495 496
494 496 497
495 497 498 950
496 816 775 799
497 498 500 599
498 499 500 501 518
499 500 587 756
500 502 503
501 503 504 748
502 503 504 505
503 504
504 505 728
505 506 507 508
506 507 509 645 772
507 508 510
508 509 510 545
509 510 511 512
510 511 513 824
511 512 513 514 713
512 513 515 835 575
513 514 515 516
514 515 516 517
515 517 897
516 517 518
517 519 520 531
518 519 634
519 521 522 967
520 521 522 523
521 522 523 524 745
522 524 525
523 525 526
524 525 527 765
525 526 527 528
526 527 528 529
527 528 529 782
528 530 531 814 964 752
529 530 531 532
530 531 532 543 648 859
531 532 533 534
532 533 535
533 534 535 536
534 535 537
535 536 537 538
536 538 629
537 538 540
538 539 540 541
539 540 542 797
540 541 542 543 639
541 542 543 544 776
542 543 545
543 545 546 951
544 545 546 547
545 546 548
546 549
547 548 549 623
548 549 551
549 550 551 552
550 552 553 852
551 552 554
552 553 554 555
553 554 555 556
554 555 557 700 907 846
555 556 557 558
556 557 558 559
557 558 559 560
558 559 560 561 763
559
560 901
561 562 563 564 568
562 565 646 753
563 564 566 810
564 565 613 927
565 567 568
566 567 569 823
567 568 569 570
568 569 571 902 855
569 570 571 941
570 571 572 573
571 573 777 638
572 573 574 575 577
573 574 576 690 623
574 575 576 577
575 577
576 579 935
577 775 828
578 579 580 581 748 644
579 581 582 694
580 581 582 998
581 582 583 584
582 583 585 831
583 584 585 770 631
584 586 587 715
585 586 790
586 587 588 589 595
587 588 590
588 589
589 590 641
590 591 593 751 991
591 592 593 811
592 595 937
593 594 595 596 892
594 595 596 597
595 598 992
596 598 599 851 796
597 598 599 822
598 599 601
599 600 601 602
600 601 602
601 602 603 604
602 603 604 605 700
603 605 606 837 736 922
604 605 607 688 684
605 607 608
606 607 608 609 644
607 608 609 610
608 609 610 611 908
609 611 612
610 611 612 613
611 612 613 614
612 613 614 615 941
613 614 615 785
614 615 616 617
615 616 617 618
616 617 618 619 848 702
617 618 620
618 621
619 620 621 622 697
620 621 622
621 622 624
622 624 994
623 624 626
624 625 627
625 626 627 628 850
626 627 628
627 628 629 630
628 630 631 749
629 630 631 632
630 631 632 633
631 632 634
632 633 635
633 634 635 827 982
634 635 637 730 800
635 636 638 828
636 638 732 824
637 638 640
638 639 640 641
639 640 641 785
640 642 643 974
641 643 987
642 643 645 715
643 644 645 803
644 646
645 646 647 648
646 647 648 649
647 648 649 650
648 649 651
649 652 766
650 651 652 653
651 652 653 654
652 654 655
653 654 765 887
654 655 656 817
655 656 657 658
656 657 658 659
657 658 659 660
658 659 661 824 883
659 660 661 662 794
660 661 662 840
661 663 664 681 870
662 663 665 866
663 665 666
664 665 666 667
665 666 668
666 667 668 669 992 995
667 668 670 882 802
668 669 670 671
669 670 671 672 782
670 671
671 672 761 919
672 674 675 727
673 675 676
674 675 823
675 676 678 699
676 677 678 679 719 986
677 678 679 680
678 679 680
679 680 681
680 683 832
681 682 683 684
682 684
683 684 685 686 936
684 685 687
685 686 688 725 950
686 689
687 689 690 782
688 689 691 807
689 690 691 692 801 811
690 691 692 693
691 692
692 880
693 694 696 880
694 696 697 785
695 696 881
696 697 698 699
697 698 699 829
698 699 700 861
699 700 701 905
700
701 702 703 704
702 703 705
703 705 706 885
704 705 706 707
705 706 708 962
706 707
707 708 709 710 893
708 709
709 710 711 712
710 712
711 712 713 714
712 713 714 900
713 715
714 715 716 717 918
715 716 717 718
716 717 718 719
717 719 720
718 720
719 721 722
720 721 722 723
721 724 757
722 724 770
723 724 725 726
724 726
725 728
726 728
727 728 729 737
728 729 731
729 730 731 732 769
730 731 733 988
731 733 734
732 733 734 735
733 734 736 808
734 736 846
735 736 737 738
736 739
737 738
738 739 740 764
739 741 742 841 757
740 741 742 743 767 860
741 742 743
742 743 744 745
743 744 745 746
744 745 746 747
745 746 748
746 747
747 748 749 750 897
748 749 751 895
749 751
750 751 752 826
751 753 754
752 753 754
753 755 979
754 755 756
755 756 757 758
756 757 759
757 758 759 799
758 760 761 764 861
759 760 762
760 762 763 987
761 764 790
762 763 764 765 923
763 765 888
764 766 767 834 805
765 766 767 768
766 767 768
767 769 770
768 769 771 848
769 770
770 771 773
771 772 773 774
772 773 775
773 774 775 776
774 775 776 847
775 776 777 778
776 777 778
777 778 779 780
778 779 780 781
779 780 781 782
780 781 782 815 829 785
781 782 783 784
782 784 785
783 784 785 786 993
784 785 787
785 787
786 787 788 982
787 788 789 790
788 789 790 791
789 791 792 922
790 791 793
791 792 793 794
792 793
793 794 795 796
794 795 796
795 796 798
796 797 798
797 798 799 800
798 799 846
799 800 801
800 801 802
801 802 962
802 803 804
803 804 805
804 805 806 807
805
806 807 808 809
807 808 809 810
808 810 811
809 810 812 857 824
810 811 812 813
811 812
812 813 814 815
813 814 816
814 816 817
815 817 818
816 817 818 819
817 819 820
818 820
819 820 821 822
820 821 823 975
821 822 823 945
822 824 825
823 824 825
824 825
825 826 828
826 828 829
827 828
828 831 871
829 832
830 832 833
831 832 833 834
832 833 834 835
833 834 835 836
834 835 975
835 836 837
836 837 838
837 838 839 840
838 839 840 841
839 954
840 841 857 858
841 843 844
842 843 844 845
843
844 845 846
845 846 847 848
846 847 848
847 849 850
848 850 851
849 850 851 852
850 852 853
851 853 854 909
852 853 855
853 854 855
854 855 856 857
855 856
856 857 859
857 859
858 860 861 962
859 860 861
860 861 863
861 864
862 863 864 865
863
864 865
865 866 867 868
866 868 869
867 868 869
868 870 871 986 952
869 870 871 872
870 871
871 872 874
872 873 874 875
873 874 875 876
874 876 877
875 876 877 878
876 877 878 879
877 878 879 880 910
878 879 880 988
879 880 882
880 881
881 882 883
882 885
883 884 885
884 885 886 887
885 886 888
886 887 888 889
887 888 889
888 889 890 891
889 890 891 892
890 891 892 893
891 892 894
892 894
893 894 895
894 895 896 897
895 897
896 897 898 899
897 899 993
898 899 900 997
899 900 901 948
900 901 968
901 902 904
902 904 905
903 904 905 906 910
904 905 906 907
905 906
906 907 908 909
907 908 909 910
908 910
909 910 912
910 911
911 912 913 914
912 913 914 915
913 914 915 916
914 915 916 917
915 916 917 918
916 917 918
917 918 919 920
918 920 921
919 920 921
920 922 923
921 922 924
922 925
923 924 926
924 925 926 927
925 926 927 928
926 927 929
927 928 929 991
928 929 930 931
929 931 992
930 931 932
931 934
932 933
933 935 936
934 935 936 937
935 936 938
936 937 939 968
937 939 940
938 939 940 941
939 940 941 942
940 941 942 943
941 943 944
942 943 944 950
943 945 946
944 946 947
945 947 948
946 947 948 949
947 948 949 950
948 949 950 951
949 950 951 952
950 951 953
951 953 954
952 953 954
953 954 955
954 955 956 957
955 956 958
956 957 958
957 958 959
958 959 960 961
959 960 961 962
960 961 962
961 962 963 964
962 964 965
963 964 965 966
964 966 967
965 966 967
966 967 968 969
967 969 970
968 970 971
969 971 972
970 971 972
971 972 973 974
972 973 975
973 974 975
974 975 976
975 976
976 977 979
977 980
978 979 980 981
979 981 982
980 981 982 983
981 982 983 984
982 983 984
983 984 985 986
984 985 986 987
985 987
986 988 989
987 988 989 990
988 989 991
989 990 991
990 991 992 993
991 992 993 994
992 994 995
993
994 995 996 997
995 996 998
996 997 998
997 998 999
998 999
999
